['ALL', 'DIV1', 'DIV2', 'DIV3', 'AFR', 'AMST', 'ANSO', 'ANTH', 'ARAB', 'ARTH', 'ARTS', 'ASST', 'ASTR', 'BIMO', 'BIOL', 'CHEM', 'CHIN', 'CLAS', 'CLGR', 'CLLA', 'COGS', 'COMP', 'CSCI', 'DANC', 'ECON', 'ENGL', 'ENVI', 'EXPR', 'GBST', 'GEOS', 'GERM', 'HIST', 'HSCI', 'INTR', 'JAPN', 'JLST', 'JWST', 'LATS', 'LEAD', 'MAST', 'MATH', 'MUS', 'NSCI', 'PHIL', 'PHLH', 'PHYS', 'POEC', 'PSCI', 'PSYC', 'REL', 'RLFR', 'RLIT', 'RLSP', 'RUSS', 'SCST', 'SOC', 'SPEC', 'STAT', 'THEA', 'WGSS']
[1, 1, 1, 1, 1, 1, 9, 9, 9, 9, 8, 8, 22, 22, 22, 22, 22, 22, 22, 22, 22, 15, 2, 2, 28, 28, 28, 28, 28, 28, 28, 28, 28, 28, 5, 5, 44, 44, 44, 44, 44, 44, 44, 44, 44, 44, 33, 33, 42, 42, 42, 17, 17, 17, 17, 17, 17, 17, 0, 0, 2, 2, 62, 62, 62, 62, 62, 62, 62, 62, 62, 62, 62, 62, 62, 62, 62, 13, 13, 53, 53, 53, 53, 53, 53, 53, 53, 53, 53, 53, 53, 53, 53, 53, 2, 2, 0, 0, 0, 0, 0, 0, 0, 0, 0, 0, 0, 0, 0, 0, 0, 0, 0, 0, 0, 0, 0, 0, 0, 0, 0, 0, 0, 0, 0, 0, 1, 1, 1, 1, 1, 1, 19, 19, 19, 19, 19, 19, 19, 19, 19, 19, 19, 19, 19, 19, 19, 19, 19, 19, 18, 18, 18, 18, 18, 18, 18, 18, 18, 18, 18, 18, 18, 18]
[0, 0, 0, 0, 0, 0, 21, 21, 21, 21, 21, 21, 22, 22, 22, 22, 22, 22, 22, 22, 22, 1, 1, 36, 39, 39, 39, 39, 39, 39, 39, 39, 39, 39, 39, 39, 39, 39, 6, 6, 44, 44, 44, 44, 43, 43, 43, 43, 43, 43, 43, 43, 43, 43, 43, 3, 3, 3, 1, 1, 4, 4, 57, 57, 57, 57, 57, 57, 57, 57, 57, 57, 57, 57, 57, 57, 57, 18, 18, 49, 49, 49, 49, 49, 49, 49, 49, 49, 49, 49, 49, 49, 49, 49, 3, 3, 0, 0, 0, 0, 0, 0, 0, 0, 0, 0, 0, 0, 0, 0, 0, 0, 0, 0, 0, 0, 0, 0, 0, 0, 0, 0, 0, 0, 0, 0, 0, 0, 0, 0, 0, 0, 0, 0, 0, 0, 0, 0, 0, 0, 0, 0, 0, 0, 0, 0, 0, 0, 0, 0, 0, 0, 0, 0, 0, 0, 0, 0, 0, 0, 0, 0, 0, 0]
[1, 1, 1, 1, 1, 1, 10, 10, 10, 10, 9, 9, 17, 17, 17, 17, 17, 17, 17, 17, 17, 10, 2, 2, 18, 18, 18, 18, 18, 18, 18, 18, 18, 18, 4, 4, 46, 46, 46, 46, 46, 46, 46, 46, 46, 46, 33, 33, 44, 44, 44, 18, 18, 18, 18, 18, 18, 18, 1, 1, 0, 0, 49, 49, 49, 49, 50, 50, 50, 50, 50, 50, 45, 45, 51, 51, 51, 51, 51, 52, 52, 52, 52, 52, 46, 46, 46, 46, 46, 46, 46, 46, 46, 46, 1, 1, 0, 0, 0, 0, 0, 0, 0, 0, 0, 1, 1, 1, 1, 1, 1, 1, 1, 1, 1, 1, 1, 1, 1, 1, 1, 1, 1, 1, 1, 1, 1, 1, 1, 1, 1, 1, 1, 1, 1, 1, 1, 1, 1, 1, 1, 1, 1, 1, 1, 1, 1, 1, 1, 1, 0, 0, 0, 0, 0, 0, 0, 0, 0, 0, 0, 0, 0, 0]
[0, 0, 0, 0, 0, 0, 22, 22, 22, 22, 22, 22, 24, 24, 24, 24, 24, 24, 24, 24, 24, 1, 1, 38, 44, 44, 44, 44, 44, 44, 44, 44, 44, 44, 44, 44, 44, 44, 10, 10, 47, 47, 47, 47, 47, 47, 47, 47, 47, 47, 47, 47, 47, 47, 47, 6, 6, 6, 2, 2, 5, 5, 66, 66, 66, 66, 66, 66, 66, 66, 66, 66, 66, 66, 66, 66, 66, 16, 16, 56, 56, 56, 56, 56, 56, 56, 56, 56, 56, 56, 56, 56, 56, 56, 4, 4, 0, 0, 0, 0, 0, 0, 0, 0, 0, 0, 0, 0, 0, 0, 0, 0, 0, 0, 0, 0, 0, 0, 0, 0, 0, 0, 0, 0, 0, 0, 1, 1, 1, 1, 1, 1, 1, 1, 1, 1, 1, 1, 1, 1, 1, 1, 1, 1, 1, 1, 1, 1, 1, 1, 0, 0, 0, 0, 0, 0, 0, 0, 0, 0, 0, 0, 0, 0]
[1, 1, 1, 1, 1, 1, 7, 7, 7, 7, 6, 6, 20, 20, 20, 20, 20, 20, 20, 20, 20, 15, 2, 2, 26, 26, 26, 26, 26, 26, 26, 26, 26, 26, 2, 2, 38, 38, 38, 38, 38, 38, 38, 38, 38, 38, 20, 20, 36, 36, 36, 19, 19, 19, 19, 19, 19, 19, 0, 0, 2, 2, 48, 48, 48, 48, 48, 48, 48, 48, 48, 48, 48, 48, 48, 48, 48, 11, 11, 42, 42, 42, 42, 42, 42, 42, 42, 42, 42, 42, 42, 42, 42, 42, 2, 2, 0, 0, 0, 0, 0, 0, 0, 0, 0, 0, 0, 0, 0, 0, 0, 0, 0, 0, 0, 0, 0, 0, 0, 0, 0, 0, 0, 0, 0, 0, 0, 0, 0, 0, 0, 0, 0, 0, 0, 0, 0, 0, 0, 0, 0, 0, 0, 0, 0, 0, 0, 0, 0, 0, 0, 0, 0, 0, 0, 0, 0, 0, 0, 0, 0, 0, 0, 0]

[0, 0, 0, 0, 0, 0, 28, 28, 28, 28, 28, 28, 28, 28, 28, 28, 28, 28, 28, 28, 28, 0, 0, 0, 6, 6, 6, 6, 6, 6, 6, 6, 6, 6, 2, 2, 50, 50, 50, 50, 50, 50, 50, 50, 50, 50, 50, 50, 56, 56, 56, 8, 8, 8, 6, 6, 6, 6, 0, 0, 3, 3, 59, 59, 59, 59, 59, 59, 59, 59, 59, 59, 59, 59, 59, 59, 59, 6, 6, 64, 64, 64, 64, 64, 64, 64, 64, 64, 64, 64, 64, 64, 64, 64, 2, 2, 0, 0, 0, 0, 0, 0, 0, 0, 0, 0, 0, 0, 0, 0, 0, 0, 0, 0, 0, 0, 0, 0, 0, 0, 0, 0, 0, 0, 0, 0, 0, 0, 0, 0, 0, 0, 42, 42, 42, 42, 42, 42, 42, 42, 42, 42, 42, 42, 42, 42, 42, 42, 42, 42, 42, 42, 42, 42, 42, 42, 42, 42, 42, 42, 42, 42, 42, 42]
[0, 0, 0, 0, 0, 0, 49, 49, 49, 49, 49, 49, 49, 49, 49, 49, 49, 49, 49, 49, 49, 0, 0, 59, 61, 61, 61, 61, 61, 61, 61, 61, 61, 61, 61, 61, 61, 61, 2, 2, 59, 59, 59, 59, 59, 59, 57, 57, 57, 57, 57, 57, 57, 57, 57, 0, 0, 0, 0, 0, 3, 3, 69, 69, 69, 69, 69, 69, 69, 69, 69, 69, 69, 69, 69, 69, 69, 14, 14, 60, 60, 60, 60, 60, 60, 60, 60, 60, 60, 60, 60, 60, 60, 60, 3, 3, 0, 0, 0, 0, 0, 0, 0, 0, 0, 1, 1, 1, 1, 1, 1, 1, 1, 1, 1, 1, 1, 1, 1, 1, 1, 1, 1, 1, 1, 1, 1, 1, 1, 1, 1, 1, 1, 1, 1, 1, 1, 1, 1, 1, 1, 1, 1, 1, 1, 1, 1, 1, 1, 1, 0, 0, 0, 0, 0, 0, 1, 1, 1, 1, 1, 1, 0, 0]
[0, 0, 0, 0, 0, 0, 28, 28, 28, 28, 28, 28, 28, 28, 28, 28, 28, 28, 28, 28, 28, 0, 0, 0, 9, 9, 9, 9, 9, 9, 9, 9, 9, 9, 5, 5, 57, 57, 57, 57, 57, 57, 57, 57, 57, 57, 55, 55, 61, 61, 61, 9, 9, 9, 7, 7, 7, 7, 1, 1, 5, 5, 99, 99, 99, 99, 99, 99, 99, 99, 99, 99, 99, 99, 99, 99, 99, 99, 99, 99, 99, 99, 99, 99, 99, 99, 99, 99, 99, 99, 99, 99, 99, 99, 5, 5, 0, 0, 0, 0, 0, 0, 0, 0, 0, 1, 1, 1, 1, 1, 1, 1, 1, 1, 1, 1, 1, 1, 1, 1, 1, 1, 1, 1, 1, 1, 1, 1, 1, 1, 1, 1, 1, 1, 1, 1, 1, 1, 1, 1, 1, 1, 1, 1, 1, 1, 1, 1, 1, 1, 0, 0, 0, 0, 0, 0, 0, 0, 0, 0, 0, 0, 0, 0]
[0, 0, 0, 0, 0, 0, 49, 49, 49, 49, 49, 49, 49, 49, 49, 49, 49, 49, 49, 49, 49, 0, 0, 59, 61, 61, 61, 61, 61, 61, 61, 61, 61, 61, 61, 61, 61, 61, 2, 2, 59, 59, 59, 59, 59, 59, 57, 57, 57, 57, 57, 57, 57, 57, 57, 0, 0, 0, 0, 0, 1, 1, 54, 54, 54, 54, 54, 54, 54, 54, 54, 54, 54, 54, 54, 54, 54, 1, 1, 59, 59, 59, 59, 59, 59, 59, 59, 59, 59, 59, 59, 59, 59, 59, 1, 1, 0, 0, 0, 0, 0, 0, 0, 0, 0, 0, 0, 0, 0, 0, 0, 0, 0, 0, 0, 0, 0, 0, 0, 0, 0, 0, 0, 0, 0, 0, 0, 0, 0, 0, 0, 0, 0, 0, 0, 0, 0, 0, 0, 0, 0, 0, 0, 0, 0, 0, 0, 0, 0, 0, 0, 0, 0, 0, 0, 0, 1, 1, 1, 1, 1, 1, 0, 0]
[0, 0, 0, 0, 0, 0, 27, 27, 27, 27, 27, 27, 27, 27, 27, 27, 27, 27, 27, 27, 27, 0, 0, 0, 4, 4, 4, 4, 4, 4, 4, 4, 4, 4, 0, 0, 17, 17, 17, 17, 17, 17, 17, 17, 17, 17, 17, 17, 19, 19, 19, 2, 2, 2, 2, 2, 2, 2, 0, 0, 2, 2, 58, 58, 58, 58, 58, 58, 58, 58, 58, 58, 58, 58, 58, 58, 58, 4, 4, 51, 51, 51, 51, 51, 51, 51, 51, 51, 51, 51, 51, 51, 51, 51, 2, 2, 0, 0, 0, 0, 0, 0, 0, 0, 0, 0, 0, 0, 0, 0, 0, 0, 0, 0, 0, 0, 0, 0, 0, 0, 0, 0, 0, 0, 0, 0, 0, 0, 0, 0, 0, 0, 0, 0, 0, 0, 0, 0, 0, 0, 0, 0, 0, 0, 0, 0, 0, 0, 0, 0, 0, 0, 0, 0, 0, 0, 0, 0, 0, 0, 0, 0, 0, 0]

[1, 1, 1, 1, 1, 1, 10, 10, 10, 10, 9, 9, 36, 36, 36, 36, 36, 36, 36, 36, 36, 27, 2, 2, 39, 39, 39, 39, 39, 39, 39, 39, 39, 39, 4, 4, 38, 38, 38, 38, 38, 38, 38, 38, 38, 38, 10, 10, 12, 12, 12, 6, 6, 6, 6, 6, 6, 6, 1, 1, 48, 48, 54, 54, 54, 54, 54, 54, 54, 54, 54, 54, 54, 54, 54, 54, 54, 48, 48, 51, 51, 51, 51, 51, 45, 45, 45, 45, 45, 45, 45, 45, 45, 45, 41, 41, 14, 14, 14, 14, 14, 14, 14, 14, 14, 14, 14, 14, 0, 0, 0, 0, 0, 0, 0, 0, 0, 0, 0, 0, 0, 0, 0, 0, 0, 0, 0, 0, 0, 0, 0, 0, 1, 1, 1, 1, 1, 1, 1, 1, 1, 1, 1, 1, 1, 1, 1, 1, 1, 1, 1, 1, 1, 1, 1, 1, 1, 1, 1, 1, 1, 1, 1, 1]
[7, 7, 7, 7, 7, 7, 25, 25, 25, 25, 25, 25, 25, 25, 25, 25, 25, 25, 25, 25, 25, 9, 9, 40, 40, 40, 40, 40, 40, 40, 40, 40, 40, 40, 40, 40, 40, 40, 9, 9, 25, 25, 23, 23, 23, 23, 23, 23, 16, 16, 16, 16, 16, 16, 16, 0, 0, 0, 0, 0, 53, 53, 61, 61, 61, 61, 61, 61, 61, 61, 61, 61, 61, 61, 61, 61, 61, 53, 53, 62, 62, 62, 62, 62, 58, 58, 58, 58, 58, 58, 58, 58, 58, 58, 51, 51, 10, 10, 10, 10, 10, 10, 10, 10, 10, 10, 10, 10, 0, 0, 0, 0, 0, 0, 0, 0, 0, 0, 0, 0, 0, 0, 0, 0, 0, 0, 0, 0, 0, 0, 0, 0, 0, 0, 0, 0, 0, 0, 0, 0, 0, 0, 0, 0, 0, 0, 0, 0, 0, 0, 0, 0, 0, 0, 0, 0, 0, 0, 0, 0, 0, 0, 0, 0]
[1, 1, 1, 1, 1, 1, 10, 10, 10, 10, 9, 9, 34, 34, 34, 34, 34, 34, 34, 34, 34, 25, 0, 0, 37, 37, 37, 37, 37, 37, 37, 37, 37, 37, 2, 2, 36, 36, 36, 36, 36, 36, 36, 36, 36, 36, 8, 8, 16, 16, 16, 10, 10, 10, 10, 10, 10, 10, 4, 4, 62, 62, 65, 65, 65, 65, 65, 65, 65, 65, 65, 65, 63, 63, 63, 63, 63, 63, 62, 62, 62, 62, 62, 62, 59, 59, 59, 59, 59, 59, 59, 59, 59, 59, 58, 58, 13, 13, 13, 13, 13, 13, 13, 13, 13, 13, 13, 13, 0, 0, 0, 0, 0, 0, 0, 0, 0, 0, 0, 0, 0, 0, 0, 0, 0, 0, 0, 0, 0, 0, 0, 0, 0, 0, 0, 0, 0, 0, 0, 0, 0, 0, 0, 0, 0, 0, 0, 0, 0, 0, 0, 0, 0, 0, 0, 0, 0, 0, 0, 0, 0, 0, 0, 0]
[0, 0, 0, 0, 0, 0, 16, 16, 16, 16, 16, 16, 16, 16, 16, 16, 16, 16, 16, 16, 16, 0, 0, 31, 31, 31, 31, 31, 31, 31, 31, 31, 31, 31, 31, 31, 31, 31, 0, 0, 17, 17, 17, 17, 17, 17, 17, 17, 17, 17, 17, 17, 17, 17, 17, 0, 0, 0, 0, 0, 31, 31, 38, 38, 38, 38, 38, 38, 38, 38, 38, 38, 38, 38, 38, 38, 38, 31, 31, 35, 35, 35, 35, 35, 34, 34, 34, 34, 34, 34, 34, 34, 34, 34, 30, 30, 7, 7, 7, 7, 7, 7, 7, 7, 7, 7, 7, 7, 0, 0, 0, 0, 0, 0, 0, 0, 0, 0, 0, 0, 0, 0, 0, 0, 0, 0, 0, 0, 0, 0, 0, 0, 0, 0, 0, 0, 0, 0, 0, 0, 0, 0, 0, 0, 0, 0, 0, 0, 0, 0, 0, 0, 0, 0, 0, 0, 0, 0, 0, 0, 0, 0, 0, 0]
[1, 1, 1, 1, 1, 1, 10, 10, 10, 10, 9, 9, 36, 36, 36, 36, 36, 36, 36, 36, 36, 27, 2, 2, 39, 39, 39, 39, 39, 39, 39, 39, 39, 39, 4, 4, 34, 34, 34, 34, 34, 34, 34, 34, 34, 34, 6, 6, 9, 9, 9, 7, 7, 7, 7, 7, 7, 7, 1, 1, 1, 1, 17, 17, 17, 17, 17, 17, 17, 17, 17, 17, 17, 17, 17, 17, 17, 1, 1, 8, 8, 8, 8, 8, 8, 8, 8, 8, 8, 8, 8, 8, 8, 8, 0, 0, 0, 0, 0, 0, 0, 0, 0, 0, 0, 0, 0, 0, 0, 0, 0, 0, 0, 0, 0, 0, 0, 0, 0, 0, 0, 0, 0, 0, 0, 0, 0, 0, 0, 0, 0, 0, 0, 0, 0, 0, 0, 0, 0, 0, 0, 0, 0, 0, 0, 0, 0, 0, 0, 0, 0, 0, 0, 0, 0, 0, 0, 0, 0, 0, 0, 0, 0, 0]

